2
97.5069 1565.4139 962.2343
152.8706 1965.5211 2280.2877
264.5535 1683.5466 2820.3832
183.7359 3392.4887 1722.6069
196.3461 1792.6115 2683.8466
289.7733 546.0594 291.6345
58.5992 2142.8875 1123.2459
269.0904 2040.8919 2260.0487
139.6437 1289.7734 2914.5484
71.0534 2906.6377 2533.9645
190.9158 3340.0017 2237.9214
292.2741 1821.8286 2089.1860
237.1116 2330.2242 1543.6864
158.4288 321.3401 1332.2089
70.4478 3474.8267 2293.6164
177.6530 1855.8799 1857.7681
176.7592 2806.7351 523.2548
236.3078 490.0248 2065.2249
246.2312 1579.4036 2803.3263
282.7695 670.9224 1976.9774
202.1007 456.0800 2590.0552
263.0269 1112.5776 306.3153
122.6152 3429.6932 1193.5294
223.2041 814.1496 2251.5735
261.1673 759.3270 1707.2507
181.2034 2503.1283 2564.6041
168.4999 2957.8880 1691.4782
184.6136 3146.3700 631.6006
267.8335 995.7845 1426.2237
111.0283 2641.2961 1010.3338
61.4215 898.4222 2269.8212
135.7074 3464.8390 2413.8816
252.5357 306.5537 2133.1358
105.8630 1751.1265 1343.4288
129.8771 3128.8138 529.4067
67.8684 413.7036 776.7411
133.8860 2919.0119 2326.3604
125.8658 2001.8426 1054.1604
87.3736 2123.1934 402.4726
231.6511 327.5978 1180.6407
192.8054 3049.8310 881.0183
140.2357 1434.6959 412.3754
222.4590 1872.3881 619.7184
288.7215 1187.4814 2835.7129
83.9149 2370.0987 355.4277
234.3667 2593.1582 1610.3487
253.8115 2318.6071 1510.8963
281.1272 765.3532 2994.1512
277.1014 2075.3351 1280.2736
162.5549 1299.5263 826.5592
272.9802 1418.7667 1306.0083
229.2435 1334.9985 1317.0111
69.3537 2850.3016 2890.3310
217.2848 1707.3418 1305.1000
238.9171 2862.4871 1847.1025
155.9971 2462.5826 1477.7155
207.0532 1984.2787 2636.3861
179.9402 641.2946 299.6362
128.4039 3247.2953 1528.0849
102.3798 2885.7493 2011.6063
209.8670 2493.9166 1823.9385
171.8564 1643.5350 2655.1476
185.1844 3100.1828 996.3335
75.3835 2414.9592 2663.5161
151.3041 979.3345 2393.1010
81.1116 362.3917 1406.4329
199.9113 2712.6961 1949.7040
221.1091 704.9809 476.4117
53.1508 2407.2299 338.7847
160.1721 2874.7897 1285.5182
84.3862 2820.2191 2864.8873
101.1552 2016.2033 2641.8642
88.6975 1138.1067 1599.6540
191.3339 371.8711 2441.0497
63.6819 443.9255 2934.0437
258.0185 1782.9149 273.1131
131.0226 830.4498 1146.5476
143.6841 1390.4318 1270.7752
182.2797 2535.0835 461.4304
127.7457 1843.8925 1112.8405
82.6407 2590.3980 2363.1077
121.4939 2721.0336 681.1679
74.4876 1677.7242 1572.6492
296.9846 1466.5695 1234.1944
169.3550 3271.8986 668.2079
283.8263 1225.4172 2763.1155
298.8900 2999.0955 820.7413
116.9434 1079.2368 2981.1258
220.8246 564.5441 1007.0374
150.1959 608.7345 1214.8394
194.9257 1667.9533 1588.3559
96.4825 3290.8527 947.4277
178.6773 2219.5731 797.9066
206.2590 1877.6583 2793.3681
266.9800 3079.5274 567.4949
60.8608 2834.6857 1067.2480
299.2479 2930.2346 2107.6140
78.1852 578.0192 854.3009
233.6011 912.8095 1892.3557
294.7149 888.1109 265.5226
268.1302 652.3281 1021.5017
287.6544 3315.6639 1789.6446
134.9729 3357.7923 2924.6249
180.0388 2780.5159 941.9901
59.5518 746.1008 2726.5412
280.4431 842.8065 2194.6688
232.8386 1341.6048 452.6573
189.1025 2444.6720 322.5298
110.2369 3371.8859 2055.7023
100.1495 2663.6299 2612.3531
138.9004 429.6768 2216.4360
271.2780 790.3163 1355.8123
242.1477 1351.1084 1683.8985
226.3594 1165.5225 2204.2239
92.5148 1082.1554 1101.4814
141.2191 1832.4376 1551.2996
85.8357 722.0130 2679.1678
197.8432 3454.0243 1044.7321
208.1495 535.8981 787.5915
295.5678 2096.3391 1775.9234
293.2152 803.2252 2146.6842
210.4886 1464.0731 388.3410
106.8304 3033.1330 2176.3640
118.5551 1047.6292 2789.4531
205.7216 3173.3582 1867.9071
200.5003 1889.0027 2769.7043
161.1475 953.9043 1198.4181
270.0608 2827.3206 2558.0555
137.3545 3405.7938 1677.1256
260.0266 1629.0860 1392.1933
167.2010 597.3120 751.9599
66.1998 3070.0337 586.3136
173.2000 1094.8780 704.8380
172.8268 1721.7687 1429.0241
274.2392 3216.3812 1439.0995
175.4706 3414.9382 2007.5265
291.1456 2615.5761 653.2106
249.0645 518.7412 2084.8757
247.3818 2106.9051 761.5293
239.7489 2195.8227 595.9819
212.5135 388.4935 2461.0123
215.5960 1444.2917 2834.7331
79.9419 2261.9115 1992.6512
72.2990 1024.6710 1258.7301
62.1016 1147.9124 2906.1190
64.8897 688.1123 364.7524
163.2903 1736.9864 1083.7693
117.8825 3324.4166 332.3013
273.2648 2484.2990 2308.4878
94.1207 3199.3634 505.9211
193.2371 1005.1804 2880.7768
211.7512 2618.9570 2571.3418
65.5973 3492.7214 2475.4725
51.7215 2253.7292 2708.4297
86.6854 2567.0378 1087.7769
275.8162 1374.3180 1362.8529
120.5129 2765.2742 890.2356
145.2384 928.6005 256.1377
119.9271 2351.9971 2357.3908
144.1546 1057.5844 429.1985
255.8299 1219.3662 1734.6898
77.9124 1317.8696 2034.0423
170.9648 495.6666 1900.7669
201.2300 1508.3400 1751.1807
126.7833 1799.2175 2518.8070
165.4834 401.1441 1958.2224
146.7188 2007.0315 2167.0275
203.8975 947.8361 1810.7014
73.7164 2561.6907 980.4193
174.0661 2226.3842 1842.3864
187.7939 2732.7634 420.4416
214.0784 1523.7801 664.1513
54.4434 349.0542 2749.3204
68.5068 1601.3465 1978.4194
123.0948 2682.5281 2331.3628
108.0144 1609.8639 1619.0187
230.8642 2544.8830 1628.0239
218.9158 1719.2209 1933.8035
204.9759 2943.5479 437.6724
166.2175 1954.7695 377.8808
254.6464 2179.8906 699.2968
50.0646 2652.2343 975.0724
245.5257 477.6391 2697.6049
149.1768 2472.6226 2486.1259
142.9164 2962.9549 573.1897
278.2264 2304.8990 2383.7205
297.0043 3010.9241 1739.5152
219.6850 724.3339 1885.7114
153.4090 3442.0609 1929.4170
154.6602 427.0562 1222.1080
216.2622 2182.6840 1246.7438
195.4624 2339.7964 927.1297
148.6757 2031.9293 806.0531
256.2888 2756.9958 1452.3589
57.4160 874.8655 2345.2800
224.8751 3378.9018 862.3183
136.0931 2091.8605 2051.8638
56.8792 2789.1353 540.7495
285.2312 627.3075 2543.7155
188.1335 1274.5914 1372.4565
244.6683 1580.2376 917.2712
113.1351 2696.4738 554.9361
243.9934 3304.3794 1565.3713
248.6908 3187.5027 482.0335
114.9353 1901.9677 2968.5625
227.7958 1915.5612 908.4914
147.9494 914.5588 1484.2260
115.5056 514.7147 2624.2386
93.5647 2522.5364 2130.4812
132.9333 589.3241 2595.0424
286.6583 1646.1730 1136.1900
109.9853 2277.8817 2402.3572
52.9239 2397.6588 1640.3246
290.6741 1197.6680 1648.6704
257.3278 2426.3111 2946.5159
80.7469 1383.4984 2155.8935
89.0602 1943.2002 635.5401
107.4492 3126.3231 2497.2528
98.6923 2288.5118 1169.5529
284.2443 1481.0267 736.9784
55.0035 1500.4565 1499.4732
99.2292 672.0432 1791.5174
240.1733 3053.4675 1397.3995
250.2744 2379.6413 727.5225
262.6017 1248.1729 2964.5872
